-- PRESSURE: Liquid Pressure --
      Max:   9.9000539440768e+04
      Min:   9.9000489163783e+04
     Mean:   9.9000513212237e+04
        0:   9.9000489163783e+04
