-- PRESSURE: Liquid Pressure --
      Max:   9.9000539026076e+04
      Min:   9.9000488451729e+04
     Mean:   9.9000512636697e+04
        0:   9.9000488451729e+04
