-- PRESSURE: Liquid Pressure --
      Max:   9.9000582419508e+04
      Min:   9.9000529724118e+04
     Mean:   9.9000555854316e+04
        0:   9.9000529724118e+04
