-- PRESSURE: Liquid Pressure --
      Max:   9.9000581976854e+04
      Min:   9.9000528668226e+04
     Mean:   9.9000555027803e+04
        0:   9.9000528668226e+04
