-- PRESSURE: Liquid Pressure --
      Max:   9.9000544766810e+04
      Min:   9.9000500355197e+04
     Mean:   9.9000521234380e+04
        0:   9.9000500355197e+04
