-- PRESSURE: Liquid Pressure --
      Max:   9.9000568411599e+04
      Min:   9.9000515097204e+04
     Mean:   9.9000541946787e+04
        0:   9.9000515097204e+04
